0 0.091366 0.347108 0.012687 0.012974
0 0.483371 0.119487 0.005779 0.007114
0 0.741741 0.359200 0.006401 0.006563
0 0.745886 0.364215 0.003485 0.005695
0 0.742178 0.364689 0.004739 0.005533
0 0.885814 0.425042 0.008607 0.009710
0 0.897581 0.414778 0.010184 0.006555
0 0.899555 0.422634 0.008132 0.007423
0 0.891568 0.654555 0.005790 0.007588
0 0.885746 0.650722 0.009287 0.005783
0 0.871665 0.687063 0.008066 0.008059
0 0.837393 0.697013 0.008721 0.008224
0 0.345785 0.940542 0.010511 0.016739
0 0.327153 0.950689 0.008930 0.013187
0 0.306568 0.844026 0.010371 0.009816
0 0.628796 0.680528 0.010893 0.010526
0 0.270761 0.596316 0.005846 0.006632
