0 0.226316 0.188800 0.009265 0.008555
0 0.178046 0.371033 0.008923 0.007897
0 0.187125 0.370717 0.009081 0.008846
0 0.187836 0.363691 0.006871 0.006316
0 0.190719 0.359702 0.008842 0.005919
0 0.196046 0.359149 0.006246 0.002923
0 0.195022 0.349241 0.006397 0.004893
0 0.198221 0.353662 0.007735 0.005368
0 0.204494 0.354807 0.004982 0.006710
0 0.231735 0.243305 0.006441 0.005971
0 0.231972 0.250507 0.007864 0.005971
0 0.362410 0.281746 0.008813 0.010235
0 0.555180 0.261452 0.009088 0.010404
0 0.397447 0.334278 0.008224 0.009937
0 0.682322 0.096912 0.013327 0.014176
0 0.337509 0.139816 0.009960 0.008868
0 0.295963 0.050719 0.009824 0.009143
0 0.287581 0.049119 0.006949 0.008371
0 0.283789 0.176208 0.010268 0.007812
0 0.230347 0.197432 0.005923 0.005871
0 0.224945 0.194147 0.004551 0.004551
0 0.222835 0.198257 0.008551 0.006088
0 0.214526 0.186634 0.006963 0.006526
0 0.215322 0.181478 0.005592 0.004331
0 0.211237 0.176051 0.005864 0.005978
0 0.221546 0.183261 0.006967 0.005596
0 0.227358 0.181151 0.008062 0.008500
0 0.233279 0.189347 0.005868 0.004938
0 0.679382 0.922699 0.010801 0.014360
0 0.656794 0.807796 0.010978 0.009879
0 0.663244 0.804502 0.008687 0.010614
0 0.666081 0.812233 0.008140 0.006313
0 0.671478 0.805921 0.009059 0.011254
0 0.672800 0.814244 0.006232 0.008143
0 0.486243 0.935906 0.007507 0.013173
0 0.470208 0.880020 0.008952 0.013452
0 0.386298 0.811540 0.007147 0.007684
0 0.393711 0.811910 0.009371 0.008952
0 0.396596 0.809051 0.005926 0.007257
0 0.390375 0.802489 0.005346 0.008000
0 0.386509 0.803972 0.011276 0.009687
0 0.426904 0.814721 0.008309 0.017522
0 0.435921 0.809579 0.006827 0.012335
0 0.239871 0.802761 0.007625 0.005801
0 0.240204 0.795522 0.008195 0.008074
0 0.241335 0.789548 0.005250 0.003978
0 0.237386 0.786879 0.004765 0.003493
0 0.235533 0.791246 0.007059 0.005346
0 0.371268 0.658983 0.008632 0.008099
0 0.377195 0.665809 0.009801 0.010434
0 0.121101 0.604160 0.008327 0.007783
0 0.679781 0.723335 0.007393 0.006669
0 0.728647 0.683691 0.006669 0.007676
0 0.732989 0.689357 0.007728 0.007676
0 0.736033 0.683055 0.008419 0.008103
0 0.735700 0.674844 0.008937 0.009048
0 0.896952 0.618024 0.007816 0.009136
0 0.719919 0.479827 0.006213 0.009044
0 0.726941 0.482346 0.008787 0.008199
0 0.729605 0.488520 0.006915 0.007099
0 0.736204 0.486461 0.004967 0.005702
0 0.734551 0.478577 0.005919 0.005662
0 0.741186 0.481480 0.006548 0.006621
0 0.737868 0.472176 0.006353 0.006397
0 0.744301 0.474998 0.008529 0.007577
0 0.741949 0.464483 0.008676 0.008254
0 0.882208 0.485761 0.007857 0.009779
0 0.944219 0.360142 0.009614 0.012364
0 0.651081 0.343511 0.009551 0.009449
0 0.351487 0.452814 0.008820 0.008040
0 0.324349 0.496550 0.008581 0.008320
0 0.169956 0.485553 0.011140 0.009327
0 0.174849 0.384774 0.007515 0.007732
0 0.181426 0.387952 0.006640 0.006419
0 0.180059 0.381046 0.006199 0.004768
0 0.174408 0.377506 0.007846 0.006474
0 0.187083 0.355162 0.009011 0.011213
0 0.185665 0.351925 0.003316 0.002842
0 0.180691 0.361952 0.008213 0.012478
