0 0.222760 0.358557 0.009895 0.009048
0 0.361973 0.798507 0.003917 0.007006
0 0.099068 0.235234 0.004662 0.004400
0 0.099864 0.290011 0.008608 0.009862
0 0.485612 0.479032 0.004531 0.005977
0 0.466873 0.501550 0.006871 0.008230
0 0.709251 0.378309 0.009651 0.013259
0 0.869206 0.474270 0.009488 0.009419
0 0.880218 0.678154 0.007515 0.009404
0 0.790483 0.634132 0.010523 0.010741
0 0.404231 0.963445 0.008608 0.015756
0 0.652733 0.865220 0.009397 0.013964
0 0.481352 0.736499 0.005160 0.005854
0 0.474175 0.872333 0.008692 0.014026
0 0.413714 0.710736 0.009215 0.011581
0 0.269048 0.561781 0.005756 0.007631
0 0.274806 0.558559 0.008041 0.010236
0 0.281315 0.561208 0.004985 0.007954
0 0.044079 0.631339 0.009211 0.008165
0 0.052247 0.633970 0.007351 0.005868
0 0.137333 0.537318 0.005727 0.005015
0 0.137596 0.542811 0.006515 0.005861
0 0.147066 0.433328 0.007961 0.013031
0 0.139299 0.435961 0.004935 0.005658
0 0.143672 0.439480 0.006457 0.007565
0 0.241886 0.238806 0.007297 0.006632
0 0.482832 0.197209 0.007053 0.007733
