0 0.412951 0.343467 0.020660 0.005857
0 0.547468 0.361040 0.018820 0.008614
0 0.460926 0.366381 0.021117 0.015162
0 0.594064 0.426505 0.019283 0.015505
0 0.387072 0.569952 0.023598 0.017229
0 0.203271 0.562295 0.016897 0.011962
0 0.177129 0.644245 0.022633 0.016986
0 0.030470 0.618164 0.013071 0.020338
0 0.277716 0.645443 0.023591 0.017467
0 0.224632 0.690186 0.018173 0.015076
0 0.360930 0.698917 0.019131 0.018186
0 0.381332 0.692817 0.016574 0.015071
0 0.143810 0.791514 0.032519 0.021057
0 0.284413 0.890571 0.021681 0.016752
0 0.254121 0.899186 0.037621 0.022971
0 0.510774 0.895595 0.022957 0.016752
0 0.524166 0.911626 0.026783 0.012919
0 0.522859 0.773924 0.018065 0.014552
0 0.630882 0.772976 0.021256 0.017524
0 0.723607 0.721636 0.027100 0.020557
0 0.506012 0.677171 0.018598 0.012581
0 0.567360 0.553417 0.015939 0.010967
0 0.550203 0.559648 0.023693 0.015124
0 0.642195 0.574352 0.015495 0.009971
0 0.715098 0.594452 0.016237 0.015524
