0 0.581266 0.802783 0.022951 0.020576
0 0.603423 0.807690 0.020082 0.021295
0 0.450866 0.828745 0.019131 0.017948
0 0.679622 0.616395 0.016897 0.015314
0 0.626377 0.578469 0.023274 0.016510
0 0.509848 0.614481 0.025508 0.023448
0 0.424407 0.574643 0.016580 0.015552
0 0.604540 0.383110 0.018496 0.015314
0 0.620162 0.379876 0.014029 0.013638
0 0.635942 0.388733 0.016897 0.011724
0 0.373553 0.339440 0.018807 0.008852
0 0.348683 0.341236 0.014346 0.007176
0 0.514315 0.368874 0.023591 0.018424
0 0.430942 0.364805 0.016263 0.011724
0 0.220203 0.438021 0.018173 0.011243
0 0.239013 0.432876 0.019448 0.015314
0 0.132843 0.450821 0.020723 0.012919
0 0.077370 0.567464 0.034753 0.024643
0 0.037195 0.601081 0.028376 0.022010
0 0.305485 0.566388 0.021681 0.017224
0 0.360641 0.585529 0.015305 0.010524
0 0.129854 0.840083 0.018820 0.016062
0 0.048582 0.736510 0.016415 0.014400
